tmp local (C), tmp object (C), sound voltage (V), current (A),
10.00,12.00,4.74,-29.88,1449111172
10.00,12.00,4.81,-28.62,-1899578156
10.00,12.00,4.81,-28.93,27337460
10.00,12.00,4.81,-28.54,-1344883136
10.00,12.00,4.82,-29.00,-484676380
10.00,12.00,4.82,-29.18,-1850057200
10.00,12.00,4.82,-28.88,368658500
10.00,12.00,4.82,-29.13,-1530028420
10.00,12.00,4.82,-29.32,1378233516
10.00,12.00,4.82,-28.91,133992200
10.00,12.00,4.82,-28.90,262003700
10.00,12.00,4.82,-28.48,-854226056
10.00,12.00,4.81,-28.51,-1110216896
10.00,12.00,4.81,-28.59,-1686236396
10.00,12.00,4.81,-28.12,1876503364
10.00,12.00,4.81,-28.71,1670033600
10.00,12.00,4.81,-28.78,1115370740
10.00,12.00,4.81,-28.62,-1899578156
10.00,12.00,4.81,-28.71,1691358080
10.00,12.00,4.82,-29.15,-1636715440
10.00,12.00,4.82,-29.29,1548894036
10.00,12.00,4.82,-29.19,-1978036480
10.00,12.00,4.81,-28.88,390015200
10.00,12.00,4.82,-29.31,1399557996
10.00,12.00,4.82,-28.91,155348960
10.00,12.00,4.82,-28.99,-463351840
10.00,12.00,4.81,-28.53,-1238228396
10.00,12.00,4.81,-28.47,-790220336
10.00,12.00,4.81,-28.69,1862050820
10.00,12.00,4.81,-28.40,-235525316
10.00,12.00,4.80,-28.05,-1885093392
10.00,12.00,4.81,-28.77,1222025540
10.00,12.00,4.81,-28.59,-1728917636
10.00,12.00,4.81,-28.92,91343180
10.00,12.00,4.82,-28.91,155348900
10.00,12.00,4.82,-29.07,-1039371400
10.00,12.00,4.82,-29.29,1591575276
10.00,12.00,4.82,-29.24,1975577556
10.00,12.00,4.81,-28.43,-512872796
10.00,12.00,4.82,-28.69,1840694120
10.00,12.00,4.82,-28.90,262003700
10.00,12.00,4.81,-28.24,937838284
10.00,12.00,4.81,-28.47,-768895796
10.00,12.00,4.81,-28.68,1926056600
10.00,12.00,4.81,-28.24,916481584
10.00,12.00,4.81,-28.56,-1494219176
10.00,12.00,4.81,-28.25,873832504
10.00,12.00,4.81,-28.68,1926056600
10.00,12.00,4.81,-29.39,866219676
10.00,12.00,4.82,-29.23,2039583276
10.00,12.00,4.82,-29.53,-221813604
10.00,12.00,4.82,-29.17,-1828700500
10.00,12.00,4.82,-28.88,368658500
10.00,12.00,4.82,-28.85,603356960
10.00,12.00,4.82,-29.01,-591363340
10.00,12.00,4.82,-28.86,560675720
10.00,12.00,4.82,-29.22,2146238076
10.00,12.00,4.81,-28.51,-1110216896
10.00,12.00,4.81,-28.56,-1515575876
10.00,12.00,4.81,-28.73,1542022040
10.00,12.00,4.81,-28.04,-1863768912
10.00,12.00,4.81,-28.70,1755363860
10.00,12.00,4.81,-28.67,1990062320
10.00,12.00,4.81,-27.83,-242397252
10.00,12.00,4.82,-29.19,-1978036480
10.00,12.00,4.82,-29.39,866219676
10.00,12.00,4.82,-29.24,1975577556
10.00,12.00,4.82,-29.48,140864136
10.00,12.00,4.82,-29.18,-1850057200
10.00,12.00,4.82,-28.89,304684940
10.00,12.00,4.82,-28.81,902028980
10.00,12.00,4.82,-28.90,262003700
10.00,12.00,4.81,-28.57,-1536900416
10.00,12.00,4.81,-28.73,1563378800
10.00,12.00,4.81,-27.99,-1458442092
10.00,12.00,4.81,-28.01,-1607778072
10.00,12.00,4.81,-28.15,1599188104
10.00,12.00,4.81,-28.23,1044493084
10.00,12.00,4.81,-28.91,155348900
10.00,12.00,4.81,-28.91,133992200
10.00,12.00,4.82,-29.10,-1274037640
10.00,12.00,4.82,-29.13,-1487379400
10.00,12.00,4.82,-28.95,-143323120
10.00,12.00,4.82,-28.69,1840694120
10.00,12.00,4.82,-28.69,1819369580
10.00,12.00,4.82,-28.05,-1927774632
10.00,12.00,4.82,-28.67,1947381080
10.00,12.00,4.82,-29.24,1996902036
10.00,12.00,4.81,-28.03,-1799763132
10.00,12.00,4.81,-29.00,-484676380
10.00,12.00,4.81,-28.81,944678000
10.00,12.00,4.81,-28.65,-2134244456
10.00,12.00,4.81,-28.48,-875550596
10.00,12.00,4.81,-28.55,-1387564376
10.00,12.00,4.81,-28.07,-2077110672
10.00,12.00,4.82,-29.53,-243138144
10.00,12.00,4.82,-28.95,-164679820
10.00,12.00,4.82,-28.28,639134044
10.00,12.00,4.82,-28.82,816698720
10.00,12.00,4.82,-28.62,-1899578156
10.00,12.00,4.82,-28.47,-832901576
10.00,12.00,4.82,-29.02,-676693600
10.00,12.00,4.81,-28.38,-86189276
10.00,12.00,4.81,-28.81,923353520
10.00,12.00,4.81,-28.44,-576878576
10.00,12.00,4.81,-29.00,-548682100
10.00,12.00,4.81,-28.89,347333960
10.00,12.00,4.81,-28.89,326009420
10.00,12.00,4.81,-28.14,1684518364
10.00,12.00,4.81,-28.37,-43540256
10.00,12.00,4.81,-28.81,944678000
10.00,12.00,4.82,-28.81,902028980
10.00,12.00,4.82,-30.03,275747572
10.00,12.00,4.82,-29.58,-584491404
10.00,12.00,4.82,-29.34,1207572936
10.00,12.00,4.82,-28.45,-683533376
10.00,12.00,4.81,-28.39,-171551756
10.00,12.00,4.82,-29.24,1954253016
10.00,12.00,4.82,-28.90,262003700
10.00,12.00,4.81,-27.83,-221072772
10.00,12.00,4.81,-27.88,-605075052
10.00,12.00,4.81,-28.23,1023168544
10.00,12.00,4.81,-28.74,1435367300
10.00,12.00,4.81,-29.45,396887136
10.00,12.00,4.81,-28.69,1840694060
10.00,12.00,4.81,-27.73,525607308
10.00,12.00,4.82,-28.05,-1906450152
10.00,12.00,4.82,-28.65,2139398300
10.00,12.00,4.82,-29.50,34209396
10.00,12.00,4.82,-29.04,-804672880
10.00,12.00,4.82,-28.96,-186004360
10.00,12.00,4.82,-29.03,-719342620
10.00,12.00,4.82,-28.53,-1238228396
10.00,12.00,4.82,-28.03,-1778438652
10.00,12.00,4.81,-27.40,-1294621288
10.00,12.00,4.81,-28.04,-1863768912
10.00,12.00,4.81,-28.51,-1088892356
10.00,12.00,4.81,-28.87,454020920
10.00,12.00,4.81,-29.65,-1117829724
10.00,12.00,4.81,-27.96,-1202419092
10.00,12.00,4.81,-27.46,-1763986048
10.00,12.00,4.81,-28.65,2096717060
10.00,12.00,4.81,-28.55,-1387564376
10.00,12.00,4.81,-28.25,831151264
10.00,12.00,4.81,-29.37,994231176
10.00,12.00,4.81,-28.71,1712714780
10.00,12.00,4.81,-27.73,525607308
10.00,12.00,4.81,-28.29,596485024
10.00,12.00,4.81,-28.14,1663161604
10.00,12.00,4.81,-28.29,553803784
10.00,12.00,4.82,-29.79,2131785472
10.00,12.00,4.82,-29.73,-1757855004
10.00,12.00,4.82,-29.53,-200489124
10.00,12.00,4.82,-29.19,-1978036480
10.00,12.00,4.82,-28.35,84471244
10.00,12.00,4.82,-28.78,1136695280
10.00,12.00,4.82,-29.23,2060907816
10.00,12.00,4.81,-27.78,120280488
10.00,12.00,4.81,-28.59,-1728917636
10.00,12.00,4.81,-28.55,-1387564376
10.00,12.00,4.81,-28.26,809826784
10.00,12.00,4.81,-28.17,1449819844
10.00,12.00,4.81,-28.23,980487304
10.00,12.00,4.81,-28.77,1200701000
10.00,12.00,4.82,-29.24,1954253016
10.00,12.00,4.82,-29.69,-1437826224
10.00,12.00,4.82,-29.32,1356908976
10.00,12.00,4.82,-28.95,-164679820
10.00,12.00,4.81,-28.12,1812497644
10.00,12.00,4.82,-28.76,1286031260
10.00,12.00,4.82,-29.48,162188676
10.00,12.00,4.81,-29.01,-591363340
10.00,12.00,4.81,-28.29,553803784
10.00,12.00,4.81,-28.79,1094014040
10.00,12.00,4.81,-28.21,1151147824
10.00,12.00,4.81,-29.06,-975365680
10.00,12.00,4.81,-28.54,-1323558656
10.00,12.00,4.81,-28.79,1094014040
10.00,12.00,4.81,-28.11,1919184604
10.00,12.00,4.82,-29.05,-911359900
10.00,12.00,4.82,-29.33,1314227736
10.00,12.00,4.82,-29.49,55533876
10.00,12.00,4.82,-28.87,496669940
10.00,12.00,4.82,-28.69,1840694060
10.00,12.00,4.81,-28.07,-2077110672
10.00,12.00,4.82,-29.24,1996902036
10.00,12.00,4.82,-29.30,1484888256
10.00,12.00,4.81,-28.47,-811544876
10.00,12.00,4.81,-28.15,1620512584
10.00,12.00,4.81,-27.79,56274768
10.00,12.00,4.81,-29.05,-868678660
10.00,12.00,4.81,-28.87,454020920
10.00,12.00,4.81,-28.22,1065817564
10.00,12.00,4.81,-28.83,774017480
10.00,12.00,4.82,-28.38,-150195056
10.00,12.00,4.82,-30.00,510413872
10.00,12.00,4.82,-30.39,1818628688
10.00,12.00,4.82,-28.82,880672280
10.00,12.00,4.82,-28.64,-2091595436
10.00,12.00,4.82,-27.88,-647756292
10.00,12.00,4.81,-28.35,105795724
10.00,12.00,4.81,-28.50,-1003562096
10.00,12.00,4.81,-27.90,-754411092
10.00,12.00,4.81,-27.49,-1998652348
10.00,12.00,4.81,-28.67,1947381080
10.00,12.00,4.81,-29.49,98215116
10.00,12.00,4.81,-27.79,34950228
10.00,12.00,4.81,-28.64,-2112919976
10.00,12.00,4.81,-27.85,-434414532
10.00,12.00,4.82,-29.12,-1402049200
10.00,12.00,4.82,-30.35,-2134985348
10.00,12.00,4.82,-28.82,859347740
10.00,12.00,4.82,-28.16,1513825564
10.00,12.00,4.82,-30.09,-150935948
10.00,12.00,4.82,-30.01,403726852
10.00,12.00,4.82,-28.87,432664220
10.00,12.00,4.81,-27.49,-1955971108
10.00,12.00,4.81,-28.57,-1558224956
10.00,12.00,4.81,-28.46,-726214616
10.00,12.00,4.81,-28.84,667362680
10.00,12.00,4.81,-27.83,-285078492
10.00,12.00,4.81,-27.65,1122951348
10.00,12.00,4.81,-28.99,-442027360
10.00,12.00,4.81,-29.79,2089104232
10.00,12.00,4.81,-28.91,176673440
10.00,12.00,4.82,-28.41,-363536816
10.00,12.00,4.82,-28.57,-1579581656
10.00,12.00,4.82,-29.45,375530376
10.00,12.00,4.82,-29.22,2146238076
10.00,12.00,4.82,-28.59,-1707560936
10.00,12.00,4.82,-28.87,432664220
10.00,12.00,4.81,-28.58,-1600906196
10.00,12.00,4.81,-27.92,-967752852
10.00,12.00,4.81,-28.13,1769848564
10.00,12.00,4.81,-28.15,1620512584
10.00,12.00,4.81,-29.34,1186216236
10.00,12.00,4.81,-28.64,-2048914196
10.00,12.00,4.81,-28.14,1727167324
10.00,12.00,4.82,-28.91,155348900
10.00,12.00,4.82,-30.52,837282308
10.00,12.00,4.81,-30.24,-1324299548
10.00,12.00,4.82,-28.57,-1558224956
10.00,12.00,4.82,-28.82,859347740
10.00,12.00,4.82,-29.18,-1914030760
10.00,12.00,4.82,-28.96,-207328900
10.00,12.00,4.81,-28.03,-1778438652
10.00,12.00,4.81,-28.25,895157044
10.00,12.00,4.81,-29.03,-719342680
10.00,12.00,4.81,-29.28,1676905476
10.00,12.00,4.81,-28.33,233807224
10.00,12.00,4.81,-28.41,-342212336
10.00,12.00,4.81,-29.36,1079561436
10.00,12.00,4.81,-28.88,368658440
10.00,12.00,4.81,-28.12,1833854344
10.00,12.00,4.82,-28.65,-2134244456
10.00,12.00,4.82,-29.49,76858356
10.00,12.00,4.82,-29.42,588872136
10.00,12.00,4.82,-29.50,-29796384
10.00,12.00,4.82,-28.91,133992200
10.00,12.00,4.82,-28.04,-1842444372
10.00,12.00,4.81,-28.83,752692940
10.00,12.00,4.81,-28.26,788470024
10.00,12.00,4.81,-28.32,319137484
10.00,12.00,4.81,-28.31,447148984
10.00,12.00,4.81,-28.17,1449819844
10.00,12.00,4.81,-28.68,1926056540
10.00,12.00,4.81,-29.96,809085892
10.00,12.00,4.81,-29.42,588872136
10.00,12.00,4.82,-28.05,-1949099172
10.00,12.00,4.81,-28.38,-86189336
10.00,12.00,4.82,-28.53,-1259552936
10.00,12.00,4.82,-28.78,1136695220
10.00,12.00,4.81,-30.30,-1793632088
10.00,12.00,4.82,-28.47,-832901576
10.00,12.00,4.82,-27.80,-50412252
10.00,12.00,4.81,-28.39,-192876296
10.00,12.00,4.81,-28.65,2118041600
10.00,12.00,4.81,-29.19,-1956712000
10.00,12.00,4.81,-29.55,-349825164
10.00,12.00,4.81,-30.89,-1893447112
10.00,12.00,4.81,-27.30,-505260028
10.00,12.00,4.81,-28.71,1691358080
10.00,12.00,4.81,-28.61,-1835572436
10.00,12.00,4.82,-28.93,27337400
10.00,12.00,4.82,-29.81,1939768252
10.00,12.00,4.82,-29.51,-93802164
10.00,12.00,4.82,-28.53,-1238228396
10.00,12.00,4.82,-28.66,2032711340
10.00,12.00,4.82,-28.24,937838224
10.00,12.00,4.82,-28.95,-100674100
10.00,12.00,4.82,-30.35,-2134985348
10.00,12.00,4.81,-28.80,966034700
10.00,12.00,4.81,-29.25,1868922756
10.00,12.00,4.81,-28.34,169801444
10.00,12.00,4.81,-28.18,1385846284
10.00,12.00,4.81,-28.10,1983190324
10.00,12.00,4.81,-27.76,269616528
10.00,12.00,4.81,-28.83,795341960
10.00,12.00,4.82,-29.76,-1992521304
10.00,12.00,4.82,-29.42,610196676
10.00,12.00,4.82,-29.38,930225396
10.00,12.00,4.82,-28.38,-150195056
10.00,12.00,4.81,-27.83,-221072772
10.00,12.00,4.82,-29.24,1932896256
10.00,12.00,4.82,-29.62,-947169204
10.00,12.00,4.81,-30.07,-44281208
10.00,12.00,4.81,-29.18,-1871381740
10.00,12.00,4.81,-28.74,1456691780
10.00,12.00,4.81,-28.02,-1693108392
10.00,12.00,4.81,-27.79,77599248
10.00,12.00,4.81,-27.96,-1202419092
10.00,12.00,4.81,-28.47,-790220336
10.00,12.00,4.81,-29.09,-1231356460
10.00,12.00,4.81,-28.58,-1600906196
10.00,12.00,4.82,-29.51,-93802164
10.00,12.00,4.82,-28.84,667362680
10.00,12.00,4.81,-27.85,-391733292
10.00,12.00,4.82,-28.26,767145484
10.00,12.00,4.82,-29.39,802213896
10.00,12.00,4.82,-29.35,1100885976
10.00,12.00,4.82,-29.29,1570218516
10.00,12.00,4.81,-29.44,439536156
10.00,12.00,4.81,-28.84,667362680
10.00,12.00,4.81,-27.63,1229638308
10.00,12.00,4.81,-27.74,461601528
10.00,12.00,4.81,-27.82,-157067052
10.00,12.00,4.81,-28.26,788470024
10.00,12.00,4.80,-29.00,-484676380
10.00,12.00,4.81,-29.22,2124913536
10.00,12.00,4.82,-29.49,55533876
10.00,12.00,4.82,-29.50,-29796384
10.00,12.00,4.82,-28.40,-235525316
10.00,12.00,4.82,-28.55,-1408888916
10.00,12.00,4.82,-29.82,1854437932
10.00,12.00,4.82,-29.53,-243138144
10.00,12.00,4.82,-29.93,1001070892
10.00,12.00,4.82,-29.97,723755632
10.00,12.00,4.81,-28.19,1321840564
10.00,12.00,4.80,-27.51,2146978908
10.00,12.00,4.81,-27.79,77599248
10.00,12.00,4.81,-28.33,255131704
10.00,12.00,4.81,-28.70,1734039260
10.00,12.00,4.81,-28.88,390015140
10.00,12.00,4.81,-29.58,-627140484
10.00,12.00,4.82,-29.17,-1764694780
10.00,12.00,4.82,-28.70,1734039260
10.00,12.00,4.82,-28.64,-2091595436
10.00,12.00,4.82,-28.39,-192876296
10.00,12.00,4.82,-28.50,-1024886636
10.00,12.00,4.81,-28.64,-2070238736
10.00,12.00,4.82,-29.91,1171763632
10.00,12.00,4.82,-28.76,1264706720
10.00,12.00,4.81,-27.99,-1479766632
10.00,12.00,4.81,-28.01,-1607778132
10.00,12.00,4.81,-28.20,1279159324
10.00,12.00,4.81,-28.37,-22215776
10.00,12.00,4.81,-29.32,1356908916
10.00,12.00,4.81,-29.18,-1892706280
10.00,12.00,4.81,-29.34,1228897416
10.00,12.00,4.81,-28.87,454020920
10.00,12.00,4.81,-27.75,354946788
10.00,12.00,4.82,-29.41,674202396
10.00,12.00,4.82,-29.65,-1117829724
10.00,12.00,4.82,-29.81,1982449432
10.00,12.00,4.82,-29.16,-1700721220
10.00,12.00,4.82,-28.47,-811544876
10.00,12.00,4.82,-29.31,1399557996
10.00,12.00,4.81,-29.13,-1508704000
10.00,12.00,4.81,-27.67,994972068
10.00,12.00,4.81,-28.22,1108498744
10.00,12.00,4.81,-28.51,-1067567876
10.00,12.00,4.81,-28.99,-420670660
10.00,12.00,4.81,-29.85,1619771692
10.00,12.00,4.81,-28.14,1663161604
10.00,12.00,4.82,-28.96,-228685600
10.00,12.00,4.82,-29.64,-1075148484
10.00,12.00,4.81,-29.11,-1359367960
10.00,12.00,4.82,-28.40,-235525376
10.00,12.00,4.82,-28.48,-875550656
10.00,12.00,4.82,-29.17,-1828700500
10.00,12.00,4.82,-29.61,-840482244
10.00,12.00,4.82,-29.24,1996902036
10.00,12.00,4.81,-27.63,1250962848
10.00,12.00,4.81,-27.67,973615308
10.00,12.00,4.81,-28.06,-1991780412
10.00,12.00,4.81,-28.84,731336240
10.00,12.00,4.81,-29.11,-1338043480
10.00,12.00,4.81,-28.08,-2141116452
10.00,12.00,4.81,-28.01,-1607778132
10.00,12.00,4.82,-29.57,-563134704
10.00,12.00,4.82,-29.27,1762235736
10.00,12.00,4.82,-29.12,-1444698220
10.00,12.00,4.81,-27.85,-434414532
10.00,12.00,4.82,-29.31,1442239176
10.00,12.00,4.82,-30.86,-1701462112
10.00,12.00,4.82,-29.38,908900916
10.00,12.00,4.82,-29.26,1826241516
10.00,12.00,4.81,-27.75,354946728
10.00,12.00,4.81,-28.65,2139398300
10.00,12.00,4.81,-28.86,518026640
10.00,12.00,4.81,-28.98,-378021640
10.00,12.00,4.81,-29.13,-1466022760
10.00,12.00,4.81,-28.37,-43540316
10.00,12.00,4.81,-28.38,-128870576
10.00,12.00,4.82,-28.20,1279159264
10.00,12.00,4.82,-28.82,816698660
10.00,12.00,4.82,-29.57,-499161204
10.00,12.00,4.82,-29.27,1740911196
10.00,12.00,4.82,-28.73,1542022040
10.00,12.00,4.82,-28.48,-854226116
10.00,12.00,4.82,-28.56,-1494219176
10.00,12.00,4.81,-28.96,-250010140
10.00,12.00,4.81,-29.43,524866416
10.00,12.00,4.81,-28.98,-356664880
10.00,12.00,4.81,-28.40,-278206616
10.00,12.00,4.81,-28.12,1833854344
10.00,12.00,4.81,-28.46,-704890136
10.00,12.00,4.81,-28.58,-1664911916
10.00,12.00,4.81,-29.24,1975577496
10.00,12.00,4.81,-29.75,-1928515584
10.00,12.00,4.82,-29.55,-413798724
10.00,12.00,4.82,-28.60,-1792923416
10.00,12.00,4.81,-27.57,1698970848
10.00,12.00,4.82,-28.47,-790220396
10.00,12.00,4.82,-28.79,1094013980
10.00,12.00,4.82,-29.59,-648497184
10.00,12.00,4.82,-29.55,-349825164
10.00,12.00,4.81,-28.55,-1387564436
10.00,12.00,4.81,-28.62,-1942259456
10.00,12.00,4.81,-28.14,1684518304
10.00,12.00,4.81,-28.16,1556506804
10.00,12.00,4.81,-29.30,1527569436
10.00,12.00,4.81,-29.27,1719586716
10.00,12.00,4.81,-28.84,688687160
10.00,12.00,4.81,-29.16,-1700721220
10.00,12.00,4.82,-28.80,1030008260
10.00,12.00,4.82,-31.08,950809044
10.00,12.00,4.82,-28.59,-1707560996
10.00,12.00,4.82,-28.58,-1622230736
10.00,12.00,4.82,-29.75,-1864509804
10.00,12.00,4.82,-29.20,-2042042260
10.00,12.00,4.82,-28.05,-1949099172
10.00,12.00,4.81,-28.67,1990062260
10.00,12.00,4.81,-27.80,-50412252
10.00,12.00,4.81,-27.26,-206588008
10.00,12.00,4.81,-29.03,-762023920
10.00,12.00,4.81,-29.22,2082232296
10.00,12.00,4.81,-28.91,133992140
10.00,12.00,4.81,-29.06,-954008980
10.00,12.00,4.81,-28.23,980487244
10.00,12.00,4.81,-27.77,184286208
10.00,12.00,4.81,-28.78,1115370680
10.00,12.00,4.81,-28.48,-854226116
10.00,12.00,4.81,-29.29,1612899696
10.00,12.00,4.81,-29.93,1022427592
10.00,12.00,4.81,-28.31,447148984
10.00,12.00,4.81,-28.57,-1558224956
10.00,12.00,4.81,-28.13,1791173044
10.00,12.00,4.82,-29.00,-484676380
10.00,12.00,4.82,-28.99,-442027360
10.00,12.00,4.82,-29.16,-1722045760
10.00,12.00,4.82,-29.79,2131785472
10.00,12.00,4.82,-28.65,2096717060
10.00,12.00,4.82,-28.32,361818724
10.00,12.00,4.82,-28.38,-150195116
10.00,12.00,4.81,-27.89,-711762072
10.00,12.00,4.81,-27.76,312265488
10.00,12.00,4.81,-29.48,140864076
10.00,12.00,4.81,-29.79,2110460932
10.00,12.00,4.81,-29.74,-1821860784
10.00,12.00,4.81,-28.69,1798045040
10.00,12.00,4.81,-28.31,425824444
10.00,12.00,4.81,-28.45,-619559876
10.00,12.00,4.82,-29.23,2039583216
10.00,12.00,4.82,-29.08,-1146026200
10.00,12.00,4.82,-28.45,-619559876
10.00,12.00,4.82,-28.82,816698660
10.00,12.00,4.81,-29.03,-740699440
10.00,12.00,4.82,-29.54,-328468464
10.00,12.00,4.82,-28.92,91343120
10.00,12.00,4.81,-27.88,-605075112
10.00,12.00,4.81,-28.42,-384861356
10.00,12.00,4.81,-28.48,-896875136
10.00,12.00,4.81,-28.78,1158019700
10.00,12.00,4.81,-28.34,148476904
10.00,12.00,4.81,-28.37,-22215836
10.00,12.00,4.81,-29.01,-612687940
10.00,12.00,4.81,-29.54,-307143924
10.00,12.00,4.82,-28.83,774017420
10.00,12.00,4.82,-28.58,-1600906196
10.00,12.00,4.81,-28.60,-1792923476
10.00,12.00,4.82,-29.20,-1999393240
10.00,12.00,4.82,-29.24,1954252956
10.00,12.00,4.82,-28.37,-64864856
10.00,12.00,4.82,-28.95,-100674100
10.00,12.00,4.81,-28.63,-1984908476
10.00,12.00,4.81,-29.15,-1658039980
10.00,12.00,4.81,-28.07,-2077110672
10.00,12.00,4.81,-27.32,-675952768
10.00,12.00,4.81,-29.44,439536096
10.00,12.00,4.81,-29.29,1570218456
10.00,12.00,4.81,-28.28,617809504
10.00,12.00,4.82,-28.67,1947381020
10.00,12.00,4.82,-29.02,-655336960
10.00,12.00,4.82,-29.66,-1203160044
10.00,12.00,4.82,-28.80,987359180
10.00,12.00,4.81,-28.41,-342212336
10.00,12.00,4.82,-28.40,-299531096
10.00,12.00,4.82,-29.38,887544156
10.00,12.00,4.82,-28.95,-121998640
10.00,12.00,4.81,-28.32,297812944
10.00,12.00,4.81,-28.34,191125924
10.00,12.00,4.81,-28.77,1222025480
10.00,12.00,4.81,-29.28,1655580936
10.00,12.00,4.81,-28.58,-1664911976
10.00,12.00,4.81,-28.32,340461964
10.00,12.00,4.81,-28.78,1179344240
10.00,12.00,4.82,-29.44,482217336
10.00,12.00,4.82,-29.17,-1786051480
10.00,12.00,4.82,-28.11,1940509084
10.00,12.00,4.82,-28.51,-1110216956
10.00,12.00,4.82,-28.96,-186004420
10.00,12.00,4.81,-29.21,-2106048040
10.00,12.00,4.82,-29.30,1484888196
10.00,12.00,4.82,-28.08,2132526304
10.00,12.00,4.81,-27.90,-818416872
10.00,12.00,4.81,-28.90,240679160
10.00,12.00,4.81,-27.61,1421623368
10.00,12.00,4.81,-27.87,-519744852
10.00,12.00,4.81,-28.15,1599188044
10.00,12.00,4.81,-28.97,-271334680
10.00,12.00,4.81,-29.34,1228897416
10.00,12.00,4.82,-29.50,12852576
10.00,12.00,4.82,-28.23,980487244
10.00,12.00,4.82,-28.28,660490684
10.00,12.00,4.82,-28.99,-442027420
10.00,12.00,4.82,-29.65,-1160511024
10.00,12.00,4.82,-28.87,475345400
10.00,12.00,4.82,-28.50,-1046211176
10.00,12.00,4.81,-29.12,-1402049200
10.00,12.00,4.81,-29.28,1634224236
10.00,12.00,4.81,-28.78,1179344240
10.00,12.00,4.81,-27.78,162929508
10.00,12.00,4.81,-27.94,-1074407652
10.00,12.00,4.81,-28.86,582000200
10.00,12.00,4.81,-28.76,1264706720
10.00,12.00,4.81,-28.43,-470223836
10.00,12.00,4.82,-28.40,-299531096
10.00,12.00,4.82,-29.30,1527569436
10.00,12.00,4.82,-31.06,1078820544
10.00,12.00,4.82,-29.29,1612899696
10.00,12.00,4.81,-27.74,397595748
10.00,12.00,4.82,-29.09,-1167350740
10.00,12.00,4.82,-29.61,-819157764
10.00,12.00,4.81,-28.45,-619559876
10.00,12.00,4.81,-28.71,1691358020
10.00,12.00,4.81,-27.94,-1117088892
10.00,12.00,4.81,-28.58,-1643587436
10.00,12.00,4.81,-29.83,1790432152
10.00,12.00,4.81,-27.77,184286208
10.00,12.00,4.81,-28.36,20465404
10.00,12.00,4.82,-28.80,966034700
10.00,12.00,4.82,-29.56,-477804504
10.00,12.00,4.82,-28.73,1499372960
10.00,12.00,4.82,-28.14,1663161544
10.00,12.00,4.82,-28.51,-1131573656
10.00,12.00,4.82,-28.27,703139704
10.00,12.00,4.81,-29.17,-1764694780
10.00,12.00,4.82,-28.23,1044493024
10.00,12.00,4.81,-28.23,1001811784
10.00,12.00,4.81,-28.74,1456691720
10.00,12.00,4.81,-28.70,1755363740
10.00,12.00,4.81,-28.76,1286031200
10.00,12.00,4.81,-27.89,-711762072
10.00,12.00,4.81,-29.10,-1252713220
10.00,12.00,4.80,-28.86,539351180
10.00,12.00,4.82,-29.48,162188616
10.00,12.00,4.82,-29.29,1591575216
10.00,12.00,4.82,-28.88,390015140
10.00,12.00,4.82,-28.42,-427542596
10.00,12.00,4.82,-28.42,-427542596
10.00,12.00,4.82,-29.45,375530376
10.00,12.00,4.82,-29.13,-1466022760
10.00,12.00,4.81,-28.05,-1949099232
10.00,12.00,4.81,-28.21,1151147764
10.00,12.00,4.81,-28.98,-399346180
10.00,12.00,4.81,-28.45,-619559876
10.00,12.00,4.81,-28.05,-1927774692
10.00,12.00,4.81,-28.15,1620512524
10.00,12.00,4.81,-29.41,674202396
10.00,12.00,4.81,-30.74,-826770592
10.00,12.00,4.81,-28.73,1520697500
10.00,12.00,4.82,-28.71,1712714720
10.00,12.00,4.82,-28.36,-859076
10.00,12.00,4.82,-28.59,-1707560996
10.00,12.00,4.82,-28.96,-186004420
10.00,12.00,4.82,-29.45,396887076
10.00,12.00,4.82,-29.21,-2106048040
10.00,12.00,4.81,-28.03,-1778438712
10.00,12.00,4.81,-27.88,-647756352
10.00,12.00,4.81,-28.01,-1629102672
10.00,12.00,4.81,-28.39,-214200836
10.00,12.00,4.80,-28.89,326009360
10.00,12.00,4.81,-29.19,-1978036540
10.00,12.00,4.81,-29.38,887544156
10.00,12.00,4.81,-28.98,-356664940
10.00,12.00,4.82,-28.60,-1792923476
10.00,12.00,4.82,-28.57,-1536900476
10.00,12.00,4.82,-28.51,-1067567936
10.00,12.00,4.82,-29.43,546223116
10.00,12.00,4.82,-29.23,2060907756
10.00,12.00,4.82,-28.68,1904699780
10.00,12.00,4.82,-28.97,-271334680
10.00,12.00,4.81,-27.87,-583750572
10.00,12.00,4.81,-28.02,-1693108452
10.00,12.00,4.81,-28.83,795341960
10.00,12.00,4.81,-28.76,1307355740
10.00,12.00,4.81,-28.25,831151204
10.00,12.00,4.81,-29.04,-847354180
10.00,12.00,4.81,-28.07,-2098435212
10.00,12.00,4.81,-27.65,1144308048
10.00,12.00,4.81,-28.40,-256882076
10.00,12.00,4.82,-29.20,-2063399020
10.00,12.00,4.82,-29.33,1292903136
10.00,12.00,4.81,-28.91,176673380
10.00,12.00,4.82,-29.41,652877856
10.00,12.00,4.82,-28.91,155348840
10.00,12.00,4.82,-28.96,-228685660
10.00,12.00,4.82,-28.78,1136695220
10.00,12.00,4.81,-28.28,660490684
10.00,12.00,4.81,-28.88,411339620
10.00,12.00,4.81,-28.70,1734039260
10.00,12.00,4.81,-29.15,-1615358800
10.00,12.00,4.81,-28.43,-491548376
10.00,12.00,4.81,-27.98,-1351755192
10.00,12.00,4.81,-27.78,162929448
10.00,12.00,4.81,-28.65,2096717000
10.00,12.00,4.82,-29.54,-307143984
10.00,12.00,4.81,-29.41,652877856
10.00,12.00,4.82,-29.43,524866356
10.00,12.00,4.82,-29.69,-1437826284
10.00,12.00,4.82,-28.84,688687160
10.00,12.00,4.82,-28.19,1321840504
10.00,12.00,4.82,-28.55,-1408888976
10.00,12.00,4.82,-28.51,-1110216956
10.00,12.00,4.81,-27.93,-1031758632
10.00,12.00,4.81,-28.80,987359180
10.00,12.00,4.81,-28.89,326009360
10.00,12.00,4.81,-28.71,1712714720
10.00,12.00,4.81,-28.07,-2077110732
10.00,12.00,4.81,-28.27,745820944
10.00,12.00,4.81,-28.43,-512872916
10.00,12.00,4.82,-29.86,1598447152
10.00,12.00,4.82,-30.00,510413812
10.00,12.00,4.82,-29.76,-1949840124
10.00,12.00,4.82,-29.42,588872136
10.00,12.00,4.82,-28.68,1904699780
10.00,12.00,4.82,-27.94,-1074407652
10.00,12.00,4.82,-28.62,-1942259456
10.00,12.00,4.82,-29.09,-1210031980
10.00,12.00,4.81,-28.52,-1174222676
10.00,12.00,4.81,-29.17,-1807376020
10.00,12.00,4.81,-28.99,-442027420
10.00,12.00,4.81,-28.25,873832444
10.00,12.00,4.81,-30.92,2124172584
10.00,12.00,4.81,-28.75,1350036980
10.00,12.00,4.81,-28.38,-128870636
10.00,12.00,4.81,-29.84,1726426432
10.00,12.00,4.82,-29.43,503541876
10.00,12.00,4.82,-30.57,517285748
10.00,12.00,4.82,-28.90,240679100
10.00,12.00,4.81,-28.38,-150195116
10.00,12.00,4.82,-28.52,-1174222676
10.00,12.00,4.82,-29.53,-200489184
10.00,12.00,4.82,-28.95,-143323180
10.00,12.00,4.81,-27.64,1186957068
10.00,12.00,4.81,-28.41,-320887856
10.00,12.00,4.81,-28.16,1556506744
10.00,12.00,4.81,-28.92,112667600
10.00,12.00,4.81,-28.89,326009360
10.00,12.00,4.81,-29.19,-1978036540
10.00,12.00,4.81,-28.81,923353400
10.00,12.00,4.81,-28.17,1492501024
10.00,12.00,4.82,-28.72,1584703220
10.00,12.00,4.82,-29.43,524866356
10.00,12.00,4.82,-29.51,-72477684
10.00,12.00,4.82,-29.45,375530376
10.00,12.00,4.82,-28.96,-186004420
10.00,12.00,4.82,-28.71,1670033480
10.00,12.00,4.82,-28.38,-150195116
10.00,12.00,4.81,-27.73,504282708
10.00,12.00,4.81,-29.07,-1082020480
10.00,12.00,4.81,-29.65,-1139154264
10.00,12.00,4.81,-28.78,1158019700
10.00,12.00,4.81,-28.31,447148924
10.00,12.00,4.81,-27.72,546963948
10.00,12.00,4.81,-28.42,-406218116
10.00,12.00,4.81,-28.98,-356664940
10.00,12.00,4.82,-29.22,2124913476
10.00,12.00,4.82,-29.04,-804673000
10.00,12.00,4.82,-28.95,-143323180
10.00,12.00,4.81,-28.36,41789944
10.00,12.00,4.82,-28.55,-1408888976
10.00,12.00,4.82,-28.77,1200700940
10.00,12.00,4.82,-29.78,-2141857344
10.00,12.00,4.81,-29.12,-1402049260
10.00,12.00,4.81,-29.07,-1060696000
10.00,12.00,4.81,-28.70,1734039260
10.00,12.00,4.81,-27.62,1336293048
10.00,12.00,4.81,-27.55,1890988068
10.00,12.00,4.81,-28.37,-22215836
10.00,12.00,4.81,-29.02,-655336960
10.00,12.00,4.81,-28.65,2118041540
10.00,12.00,4.82,-29.57,-563134764
10.00,12.00,4.82,-28.71,1648709000
10.00,12.00,4.82,-28.34,148476904
10.00,12.00,4.82,-28.39,-171551876
10.00,12.00,4.82,-28.29,575160424
10.00,12.00,4.82,-28.64,-2112920036
10.00,12.00,4.82,-29.84,1726426432
10.00,12.00,4.82,-29.89,1363748632
10.00,12.00,4.81,-28.54,-1302234176
10.00,12.00,4.81,-28.77,1200700940
10.00,12.00,4.81,-27.32,-697277308
10.00,12.00,4.81,-28.31,404467684
10.00,12.00,4.81,-29.23,2060907696
10.00,12.00,4.81,-29.00,-506000980
10.00,12.00,4.81,-28.63,-2027589776
10.00,12.00,4.81,-29.30,1484888196
10.00,12.00,4.82,-28.42,-384861416
10.00,12.00,4.82,-28.56,-1451570216
10.00,12.00,4.82,-29.34,1207572876
10.00,12.00,4.82,-29.49,98215056
10.00,12.00,4.82,-29.40,780889356
10.00,12.00,4.81,-29.29,1591575156
10.00,12.00,4.82,-29.54,-328468464
10.00,12.00,4.81,-27.89,-733086612
10.00,12.00,4.81,-27.70,696299988
10.00,12.00,4.81,-28.20,1257834724
10.00,12.00,4.81,-28.46,-747539156
10.00,12.00,4.81,-28.64,-2112920036
10.00,12.00,4.81,-29.05,-868678720
10.00,12.00,4.81,-29.11,-1380692500
10.00,12.00,4.81,-28.86,518026640
10.00,12.00,4.82,-28.89,304684880
10.00,12.00,4.82,-28.50,-1003562156
10.00,12.00,4.82,-29.20,-2020717840
10.00,12.00,4.82,-29.47,226194336
10.00,12.00,4.82,-28.46,-704890136
10.00,12.00,4.82,-28.45,-683533436
10.00,12.00,4.82,-28.90,219322400
10.00,12.00,4.81,-28.87,496669880
10.00,12.00,4.81,-27.96,-1245100392
10.00,12.00,4.81,-27.29,-441286528
10.00,12.00,4.81,-28.60,-1814248016
10.00,12.00,4.81,-29.18,-1850057260
10.00,12.00,4.81,-28.87,475345400
10.00,12.00,4.81,-28.61,-1835572496
10.00,12.00,4.81,-27.94,-1117088892
10.00,12.00,4.82,-29.58,-627140484
10.00,12.00,4.82,-28.98,-399346180
10.00,12.00,4.81,-28.85,603356900
10.00,12.00,4.82,-28.43,-512872916
10.00,12.00,4.82,-28.84,667362620
10.00,12.00,4.82,-29.86,1534441372
10.00,12.00,4.82,-28.66,2054035760
10.00,12.00,4.81,-27.63,1293644028
10.00,12.00,4.81,-28.08,2132526304
10.00,12.00,4.81,-28.50,-1003562156
10.00,12.00,4.80,-28.26,788469964
10.00,12.00,4.81,-28.80,1030008200
10.00,12.00,4.81,-28.18,1385846224
10.00,12.00,4.81,-27.90,-775735632
10.00,12.00,4.82,-30.17,-790961288
10.00,12.00,4.82,-28.63,-2027589776
10.00,12.00,4.82,-28.57,-1536900476
10.00,12.00,4.82,-28.88,411339620
10.00,12.00,4.81,-29.62,-904488024
10.00,12.00,4.82,-28.51,-1110216956
10.00,12.00,4.82,-28.40,-235525376
10.00,12.00,4.82,-28.31,383143144
10.00,12.00,4.81,-28.95,-164679940
10.00,12.00,4.81,-28.80,987359180
10.00,12.00,4.81,-28.80,987359180
10.00,12.00,4.81,-28.20,1279159264
10.00,12.00,4.81,-28.29,532479184
10.00,12.00,4.81,-29.03,-762023980
10.00,12.00,4.81,-29.42,631553316
10.00,12.00,4.82,-29.15,-1679364580
10.00,12.00,4.82,-28.69,1819369520
10.00,12.00,4.81,-28.91,197997860
10.00,12.00,4.82,-29.56,-456479964
10.00,12.00,4.82,-29.33,1250221896
10.00,12.00,4.81,-27.98,-1373111892
10.00,12.00,4.82,-29.02,-676693720
10.00,12.00,4.81,-28.83,774017420
10.00,12.00,4.81,-29.11,-1316686780
10.00,12.00,4.81,-27.99,-1458442152
10.00,12.00,4.81,-28.34,148476904
10.00,12.00,4.81,-29.11,-1380692500
10.00,12.00,4.81,-28.88,368658380
10.00,12.00,4.81,-28.81,902028920
10.00,12.00,4.81,-27.98,-1351755192
10.00,12.00,4.82,-29.30,1527569436
10.00,12.00,4.82,-29.36,1079561376
10.00,12.00,4.82,-28.88,368658380
10.00,12.00,4.81,-28.19,1343164984
10.00,12.00,4.82,-28.61,-1878253736
10.00,12.00,4.82,-29.38,930225336
10.00,12.00,4.81,-29.68,-1373820564
10.00,12.00,4.81,-28.10,2004514804
10.00,12.00,4.81,-28.32,361818664
10.00,12.00,4.81,-28.61,-1835572496
10.00,12.00,4.81,-29.13,-1487379520
10.00,12.00,4.81,-27.87,-541069392
10.00,12.00,4.81,-28.42,-384861416
10.00,12.00,4.81,-28.83,752692880
10.00,12.00,4.81,-30.03,254390752
10.00,12.00,4.82,-28.66,2032711280
10.00,12.00,4.82,-28.27,681815164
10.00,12.00,4.82,-28.73,1563378680
10.00,12.00,4.82,-29.20,-2020717840
10.00,12.00,4.81,-28.21,1129823224
10.00,12.00,4.82,-28.89,326009360
10.00,12.00,4.82,-29.09,-1231356520
10.00,12.00,4.81,-28.44,-555554156
10.00,12.00,4.81,-29.18,-1871381800
10.00,12.00,4.81,-28.92,112667600
10.00,12.00,4.81,-27.90,-775735632
10.00,12.00,4.81,-28.94,-57992920
10.00,12.00,4.80,-28.96,-207328960
10.00,12.00,4.81,-28.56,-1494219236
10.00,12.00,4.81,-28.54,-1344883256
10.00,12.00,4.81,-28.79,1051364900
10.00,12.00,4.81,-28.84,731336180
10.00,12.00,4.81,-29.21,-2084723560
10.00,12.00,4.81,-28.81,923353400
10.00,12.00,4.81,-28.28,617809444
10.00,12.00,4.81,-27.79,77599188
10.00,12.00,4.81,-29.06,-932684500
10.00,12.00,4.82,-29.45,375530316
10.00,12.00,4.82,-28.76,1328712440
10.00,12.00,4.82,-28.65,-2134244576
10.00,12.00,4.82,-29.51,-51153204
10.00,12.00,4.82,-29.01,-591363460
10.00,12.00,4.82,-29.25,1890247176
10.00,12.00,4.81,-28.37,-22215836
10.00,12.00,4.81,-27.85,-434414592
10.00,12.00,4.81,-28.42,-384861416
10.00,12.00,4.81,-28.67,1968705500
10.00,12.00,4.81,-28.54,-1323558716
10.00,12.00,4.81,-28.51,-1131573716
10.00,12.00,4.81,-28.72,1606027700
10.00,12.00,4.81,-29.38,930225336
10.00,12.00,4.81,-28.60,-1750242236
10.00,12.00,4.82,-28.77,1222025420
10.00,12.00,4.82,-29.35,1122210396
10.00,12.00,4.82,-29.57,-563134764
10.00,12.00,4.82,-28.54,-1366239956
10.00,12.00,4.82,-28.08,2132526304
10.00,12.00,4.82,-28.93,-15343900
10.00,12.00,4.82,-28.84,731336180
10.00,12.00,4.81,-28.98,-378021700
10.00,12.00,4.81,-28.86,582000140
10.00,12.00,4.81,-28.69,1819369460
10.00,12.00,4.81,-28.09,2111169544
10.00,12.00,4.81,-28.82,880672160
10.00,12.00,4.81,-28.74,1456691720
10.00,12.00,4.81,-28.86,560675600
10.00,12.00,4.81,-29.17,-1764694840
10.00,12.00,4.81,-28.18,1428495244
10.00,12.00,4.82,-28.99,-420670720
10.00,12.00,4.82,-29.33,1314227616
10.00,12.00,4.81,-29.01,-591363460
10.00,12.00,4.82,-29.14,-1572709780
10.00,12.00,4.82,-29.44,482217336
10.00,12.00,4.82,-28.67,1968705500
10.00,12.00,4.81,-27.94,-1117088892
10.00,12.00,4.81,-28.31,425824384
10.00,12.00,4.81,-28.72,1606027700
10.00,12.00,4.81,-28.65,2118041480
10.00,12.00,4.81,-28.12,1855178764
10.00,12.00,4.81,-28.67,1968705500
10.00,12.00,4.81,-28.31,383143144
10.00,12.00,4.81,-27.89,-690405372
10.00,12.00,4.82,-29.09,-1188707500
10.00,12.00,4.82,-29.15,-1658040040
10.00,12.00,4.82,-29.23,2018258676
10.00,12.00,4.82,-29.39,823538376
10.00,12.00,4.82,-29.22,2124913476
10.00,12.00,4.82,-28.74,1456691720
10.00,12.00,4.82,-28.46,-747539216
10.00,12.00,4.81,-27.67,930966228
10.00,12.00,4.81,-28.14,1705842784
10.00,12.00,4.81,-28.41,-320887856
10.00,12.00,4.81,-28.32,361818664
10.00,12.00,4.81,-28.28,639133924
10.00,12.00,4.81,-28.17,1492500964
10.00,12.00,4.81,-28.75,1350036920
10.00,12.00,4.81,-28.72,1627384460
10.00,12.00,4.82,-29.54,-307143984
10.00,12.00,4.82,-29.72,-1629843624
10.00,12.00,4.82,-28.80,1008683660
10.00,12.00,4.81,-27.96,-1245100452
10.00,12.00,4.82,-28.86,560675600
10.00,12.00,4.82,-28.78,1115370680
10.00,12.00,4.82,-29.10,-1295362300
10.00,12.00,4.82,-29.31,1442239116
10.00,12.00,4.81,-28.48,-896875196
10.00,12.00,4.81,-28.38,-107546096
10.00,12.00,4.81,-28.61,-1856897036
10.00,12.00,4.81,-28.47,-768895916
10.00,12.00,4.81,-28.56,-1451570216
10.00,12.00,4.81,-29.54,-328468524
10.00,12.00,4.80,-28.83,795341900
10.00,12.00,4.82,-28.81,944677940
10.00,12.00,4.82,-29.18,-1914030820
10.00,12.00,4.82,-28.70,1755363740
10.00,12.00,4.82,-28.72,1606027700
10.00,12.00,4.82,-29.70,-1523156604
10.00,12.00,4.82,-29.57,-520485744
10.00,12.00,4.82,-29.09,-1167350800
10.00,12.00,4.82,-28.64,-2112920036
10.00,12.00,4.81,-27.94,-1095764412
10.00,12.00,4.81,-28.02,-1693108452
10.00,12.00,4.81,-27.96,-1202419212
10.00,12.00,4.81,-28.60,-1771566776
10.00,12.00,4.81,-28.84,688687100
10.00,12.00,4.81,-28.64,-2112920036
10.00,12.00,4.81,-28.77,1222025420
10.00,12.00,4.81,-29.06,-975365740
10.00,12.00,4.82,-29.01,-591363460
10.00,12.00,4.82,-29.22,2124913476
10.00,12.00,4.82,-29.51,-115126764
10.00,12.00,4.82,-29.46,268875516
10.00,12.00,4.82,-28.75,1350036